Glassy carbon of AlfaAesar		
Data was measured at SPring8 Bl03 and properly corrected with a glassy carbon from NIST SRM 3600		
q	i	s
0	0.198098	0
0.000449	0.203115	0
0.000898	0.19886	0
0.001348	0.20116401	0
0.001797	0.19689301	0
0.002246	0.19906899	0
0.002695	0.202979	0
0.003144	0.207849	0
0.003594	0.58426499	0
0.004043	7.513083	0
0.004492	25.703529	0
0.004941	32.232349	0
0.00539	31.22142	0
0.00584	30.31184	0
0.006289	29.701077	0
0.006738	29.086632	0
0.007187	28.661446	0
0.007636	28.283318	0
0.008086	28.048695	0
0.008535	27.735743	0
0.008984	27.523579	0
0.009433	27.291183	0
0.009882	27.140984	0
0.010332	26.992363	0
0.010781	26.671652	0
0.01123	26.616364	0
0.011679	26.465277	0
0.012128	26.31756	0
0.012578	26.22238	0
0.013027	26.134502	0
0.013476	26.049461	0
0.013925	25.909178	0
0.014374	25.741583	0
0.014824	25.735636	0
0.015273	25.665167	0
0.015721999	25.546429	0
0.016171001	25.458178	0
0.016620001	25.394232	0
0.017069999	25.310797	0
0.017519001	25.255552	0
0.017968001	25.168945	0
0.018417001	25.003304	0
0.018866001	24.967108	0
0.019316001	24.875828	0
0.019765001	24.783525	0
0.020214001	24.687016	0
0.020663001	24.671049	0
0.021112001	24.581352	0
0.021562001	24.538183	0
0.022011001	24.44445	0
0.022460001	24.397701	0
0.022909001	24.34243	0
0.023358	24.283894	0
0.023808001	24.210901	0
0.024257001	24.177088	0
0.024706	24.107246	0
0.025155	24.039379	0
0.025604	23.991667	0
0.026053	23.948673	0
0.026503	23.87162	0
0.026952	23.836948	0
0.027401	23.775661	0
0.02785	23.720657	0
0.028299	23.635485	0
0.028749	23.617121	0
0.029198	23.548349	0
0.029647	23.502626	0
0.030096	23.446224	0
0.030545	23.441784	0
0.030995	23.343077	0
0.031443998	23.340494	0
0.031893	23.322491	0
0.032342002	23.216425	0
0.032791	23.181261	0
0.033240002	23.168417	0
0.033690002	23.097273	0
0.034139	23.062998	0
0.034588002	23.024961	0
0.035037	23.004385	0
0.035486002	22.936382	0
0.035936002	22.888557	0
0.036385	22.836435	0
0.036834002	22.851315	0
0.037283	22.803976	0
0.037732001	22.747686	0
0.038182002	22.704733	0
0.038631	22.693153	0
0.039080001	22.620049	0
0.039528999	22.623955	0
0.039978001	22.572947	0
0.040426999	22.541334	0
0.040876999	22.537077	0
0.041326001	22.491816	0
0.041774999	22.451118	0
0.042224001	22.418926	0
0.042672999	22.402233	0
0.043122001	22.277287	0
0.043572001	22.339743	0
0.044020999	22.323877	0
0.044470001	22.289209	0
0.044918999	22.260201	0
0.045368001	22.265133	0
0.045818001	22.263365	0
0.046266999	22.213499	0
0.046716001	22.191877	0
0.047164999	22.168547	0
0.047614001	22.150057	0
0.048062999	22.151764	0
0.048512999	22.111177	0
0.048962001	22.086287	0
0.049410999	22.073662	0
0.049860001	22.052498	0
0.050308999	22.056477	0
0.050758	22.0343	0
0.051208001	22.012062	0
0.051656999	22.010778	0
0.052106	21.997204	0
0.052554999	21.99892	0
0.053004	21.981798	0
0.053452998	21.962996	0
0.053902999	21.944113	0
0.054352	21.923662	0
0.054800998	21.900368	0
0.05525	21.906969	0
0.055698998	21.87648	0
0.056148	21.868128	0
0.056598	21.873697	0
0.057046998	21.839218	0
0.057496	21.844473	0
0.057944998	21.822803	0
0.058394	21.831688	0
0.058843002	21.813654	0
0.059292	21.802925	0
0.059742	21.798347	0
0.060191002	21.784376	0
0.06064	21.793589	0
0.061089002	21.777218	0
0.061538	21.759344	0
0.061987001	21.765953	0
0.062437002	21.755939	0
0.062886	21.76059	0
0.063335001	21.761917	0
0.063784003	21.734343	0
0.064232998	21.72438	0
0.064681999	21.715118	0
0.065131001	21.71299	0
0.065581001	21.728333	0
0.066030003	21.690252	0
0.066478997	21.700266	0
0.066927999	21.685839	0
0.067377001	21.67127	0
0.067826003	21.652164	0
0.068274997	21.663675	0
0.068724997	21.672331	0
0.069173999	21.663368	0
0.069623001	21.65114	0
0.070072003	21.628229	0
0.070520997	21.655697	0
0.070969999	21.638239	0
0.071419001	21.624456	0
0.071869001	21.621883	0
0.072318003	21.616585	0
0.072766997	21.610491	0
0.073215999	21.574348	0
0.073665	21.598574	0
0.074114002	21.56662	0
0.074562997	21.561295	0
0.075011998	21.54693	0
0.075461999	21.558105	0
0.075911	21.539055	0
0.076360002	21.522867	0
0.076808996	21.502863	0
0.077257998	21.50737	0
0.077707	21.473425	0
0.078156002	21.468845	0
0.078605004	21.452372	0
0.079054996	21.434608	0
0.079503998	21.423716	0
0.079953	21.414461	0
0.080402002	21.399513	0
0.080851004	21.391426	0
0.081299998	21.378359	0
0.081749	21.365753	0
0.082198001	21.349817	0
0.082648002	21.313896	0
0.083097003	21.30974	0
0.083545998	21.283827	0
0.083995	21.272423	0
0.084444001	21.237305	0
0.084893003	21.233116	0
0.085341997	21.20961	0
0.085790999	21.175093	0
0.086240001	21.170914	0
0.086690001	21.141125	0
0.087139003	21.104996	0
0.087587997	21.084955	0
0.088036999	21.063864	0
0.088486001	21.042452	0
0.088935003	21.022329	0
0.089383997	20.997135	0
0.089832999	20.956602	0
0.090282001	20.944483	0
0.090731002	20.915119	0
0.091181003	20.87771	0
0.091629997	20.86311	0
0.092078999	20.828693	0
0.092528	20.791164	0
0.092977002	20.75481	0
0.093425997	20.723169	0
0.093874998	20.70767	0
0.094324	20.664761	0
0.094773002	20.635057	0
0.095221996	20.615942	0
0.095670998	20.586596	0
0.09612	20.5532	0
0.09657	20.515875	0
0.097019002	20.471428	0
0.097468004	20.427223	0
0.097916998	20.408819	0
0.098366	20.355707	0
0.098815002	20.319008	0
0.099264003	20.27491	0
0.099712998	20.239311	0
0.100162	20.193785	0
0.100611	20.169056	0
0.10106	20.117985	0
0.101509	20.089161	0
0.101958	20.038227	0
0.102408	19.993933	0
0.102857	19.959238	0
0.103306	19.906597	0
0.103755	19.857037	0
0.104204	19.821701	0
0.104653	19.770569	0
0.105102	19.747837	0
0.105551	19.669859	0
0.106	19.629692	0
0.106449	19.573271	0
0.106898	19.535625	0
0.107347	19.492128	0
0.107796	19.44705	0
0.108245	19.396563	0
0.108694	19.346989	0
0.109143	19.301781	0
0.109592	19.241417	0
0.110041	19.185263	0
0.110491	19.124779	0
0.11094	19.075697	0
0.111389	19.028572	0
0.111838	18.97024	0
0.112287	18.916433	0
0.112736	18.87406	0
0.113185	18.816481	0
0.113634	18.7495	0
0.114083	18.700937	0
0.114532	18.634628	0
0.114981	18.581209	0
0.11543	18.513851	0
0.115879	18.476864	0
0.116328	18.401382	0
0.116777	18.357224	0
0.117226	18.28405	0
0.117675	18.216509	0
0.118124	18.167955	0
0.118573	18.118954	0
0.119022	18.057356	0
0.119471	17.978113	0
0.11992	17.93088	0
0.120369	17.859276	0
0.120818	17.808336	0
0.121267	17.737293	0
0.121716	17.679802	0
0.122165	17.622059	0
0.122614	17.556023	0
0.123063	17.505709	0
0.123512	17.424196	0
0.123961	17.365076	0
0.12441	17.307636	0
0.124859	17.232925	0
0.12530801	17.164167	0
0.12575699	17.10833	0
0.126206	17.044886	0
0.126655	16.976385	0
0.127104	16.918694	0
0.127553	16.842058	0
0.128002	16.77162	0
0.128451	16.712011	0
0.12890001	16.637127	0
0.12934899	16.58399	0
0.129798	16.510332	0
0.130247	16.44352	0
0.130696	16.364733	0
0.131145	16.304459	0
0.131594	16.240658	0
0.132043	16.176168	0
0.13249201	16.101748	0
0.13294099	16.047047	0
0.13338999	15.966508	0
0.133839	15.90709	0
0.134288	15.839162	0
0.134737	15.770311	0
0.135186	15.696233	0
0.135635	15.637195	0
0.13608401	15.56164	0
0.13653301	15.497451	0
0.13698199	15.430471	0
0.137431	15.372099	0
0.13788	15.295939	0
0.138329	15.231067	0
0.138778	15.160805	0
0.139227	15.094763	0
0.13967501	15.021185	0
0.14012399	14.971895	0
0.14057299	14.899387	0
0.141022	14.822732	0
0.141471	14.757064	0
0.14192	14.683893	0
0.142369	14.619829	0
0.142818	14.551765	0
0.14326701	14.479073	0
0.14371599	14.411702	0
0.14416499	14.348109	0
0.144614	14.274812	0
0.145063	14.20248	0
0.145512	14.140086	0
0.145961	14.069547	0
0.14641	14.004302	0
0.14685801	13.936609	0
0.14730699	13.867894	0
0.147756	13.801746	0
0.148205	13.726647	0
0.148654	13.669309	0
0.149103	13.595768	0
0.149552	13.536358	0
0.150001	13.461098	0
0.15045001	13.397055	0
0.15089899	13.319704	0
0.15134799	13.259406	0
0.151797	13.197142	0
0.152245	13.131919	0
0.152694	13.062766	0
0.153143	12.994007	0
0.15359201	12.928935	0
0.15404101	12.863985	0
0.15448999	12.794179	0
0.154939	12.728116	0
0.155388	12.670091	0
0.155837	12.599404	0
0.156286	12.532051	0
0.156734	12.472821	0
0.15718301	12.412099	0
0.15763199	12.346402	0
0.158081	12.275139	0
0.15853	12.210339	0
0.158979	12.149206	0
0.159428	12.078479	0
0.159877	12.022935	0
0.16032501	11.95178	0
0.16077401	11.887119	0
0.16122299	11.827209	0
0.161672	11.765507	0
0.162121	11.698611	0
0.16257	11.641341	0
0.163019	11.576901	0
0.163468	11.509839	0
0.16391601	11.456381	0
0.16436499	11.397922	0
0.164814	11.329146	0
0.165263	11.265238	0
0.165712	11.200918	0
0.166161	11.146399	0
0.166609	11.083873	0
0.16705801	11.016373	0
0.16750699	10.956349	0
0.16795599	10.899858	0
0.168405	10.839726	0
0.168854	10.778892	0
0.169303	10.717774	0
0.169751	10.661135	0
0.17020001	10.60559	0
0.17064901	10.54015	0
0.17109799	10.479227	0
0.171547	10.420255	0
0.171995	10.364807	0
0.172444	10.303056	0
0.172893	10.245915	0
0.173342	10.194519	0
0.17379101	10.131025	0
0.17423999	10.074844	0
0.174688	10.015243	0
0.175137	9.9568682	0
0.175586	9.9035072	0
0.176035	9.849843	0
0.176484	9.7949257	0
0.17693201	9.7371387	0
0.17738099	9.6834059	0
0.17783	9.6234274	0
0.178279	9.5690613	0
0.178728	9.5143967	0
0.179176	9.4618397	0
0.179625	9.4045744	0
0.18007401	9.3473024	0
0.18052299	9.298461	0
0.18097199	9.2421074	0
0.18142	9.1919146	0
0.181869	9.1323738	0
0.182318	9.0827799	0
0.182767	9.0302019	0
0.18321501	8.976469	0
0.18366399	8.9243078	0
0.184113	8.8760071	0
0.184562	8.8237238	0
0.18501	8.7634888	0
0.18508001	8.7554054	0
0.185987	8.6566677	0
0.186893	8.548357	0
0.18780001	8.4535885	0
0.18870699	8.3467627	0
0.189613	8.2450447	0
0.19052	8.1477365	0
0.19142599	8.0556011	0
0.192333	7.9610095	0
0.19324	7.8609943	0
0.19414601	7.771194	0
0.195053	7.6782651	0
0.195959	7.5880861	0
0.19686601	7.4934893	0
0.197772	7.4029183	0
0.198679	7.3054705	0
0.19958501	7.2217121	0
0.20049199	7.1363125	0
0.201398	7.0525327	0
0.202305	6.9613132	0
0.20321099	6.8782191	0
0.204118	6.7957644	0
0.205024	6.708786	0
0.20593099	6.6288857	0
0.206837	6.5512524	0
0.207744	6.4687505	0
0.20864999	6.3926578	0
0.209557	6.3102164	0
0.210463	6.2340865	0
0.21136899	6.1557026	0
0.212276	6.0816979	0
0.213182	6.0045424	0
0.21408901	5.9393482	0
0.214995	5.8652544	0
0.215901	5.7922354	0
0.21680801	5.7205157	0
0.217714	5.6519184	0
0.21862	5.5838699	0
0.21952701	5.5134702	0
0.220433	5.4410973	0
0.221339	5.3736424	0
0.22224499	5.3115225	0
0.223152	5.2434406	0
0.224058	5.174294	0
0.22496399	5.1182642	0
0.22587	5.0531578	0
0.226777	4.9899192	0
0.22768299	4.9317064	0
0.228589	4.8715768	0
0.229495	4.8081436	0
0.23040099	4.7539887	0
0.231308	4.6981745	0
0.232214	4.6388922	0
0.23311999	4.5834012	0
0.234026	4.5319133	0
0.23493201	4.4727225	0
0.235838	4.420248	0
0.236744	4.3670392	0
0.23765101	4.3148441	0
0.238557	4.2608571	0
0.239463	4.2134776	0
0.24036901	4.1625533	0
0.241275	4.1127729	0
0.242181	4.0619192	0
0.24308699	4.0124717	0
0.243993	3.9651563	0
0.244899	3.9207892	0
0.245805	3.8720126	0
0.246711	3.8275545	0
0.24761701	3.7790396	0
0.248523	3.7343574	0
0.249429	3.6967375	0
0.25033501	3.6496742	0
0.251241	3.6076109	0
0.25214699	3.5668244	0
0.253052	3.5195487	0
0.25395799	3.4811924	0
0.25486401	3.4412405	0
0.25577	3.3984127	0
0.25667599	3.3622246	0
0.25758201	3.3237059	0
0.258488	3.2822249	0
0.25939301	3.2497096	0
0.260299	3.2097924	0
0.26120499	3.1734757	0
0.26211101	3.1345046	0
0.263017	3.1009037	0
0.26392201	3.0613146	0
0.264828	3.0278511	0
0.26573399	2.9921513	0
0.26663899	2.9611979	0
0.26754501	2.928349	0
0.26845101	2.8934371	0
0.269357	2.8637614	0
0.270262	2.8286712	0
0.27116799	2.7985857	0
0.27207401	2.7675557	0
0.27297899	2.7350349	0
0.27388501	2.7080147	0
0.27478999	2.6782439	0
0.27569601	2.6474724	0
0.276602	2.6182139	0
0.27750701	2.5900266	0
0.278413	2.5604806	0
0.279318	2.5342565	0
0.280224	2.5075138	0
0.281129	2.4797928	0
0.28203499	2.4529276	0
0.28294	2.4262099	0
0.28384599	2.4025018	0
0.284751	2.3746395	0
0.28565699	2.3475072	0
0.286562	2.3226292	0
0.287467	2.3000104	0
0.28837299	2.2741663	0
0.289278	2.2505326	0
0.29018399	2.2249579	0
0.291089	2.198076	0
0.29199401	2.1802874	0
0.2929	2.1571534	0
0.293805	2.1363175	0
0.29471001	2.1133585	0
0.295616	2.0930769	0
0.29652101	2.0696402	0
0.29742599	2.0494945	0
0.29833099	2.0301952	0
0.29923701	2.0068016	0
0.30014199	1.9883027	0
0.301047	1.9669945	0
0.301952	1.9459743	0
0.302858	1.9261661	0
0.303763	1.9094228	0
0.30466801	1.8903247	0
0.30557299	1.8730358	0
0.30647799	1.8512635	0
0.307383	1.8327385	0
0.30828801	1.8181499	0
0.30919299	1.7973466	0
0.31009901	1.7795454	0
0.31100401	1.7636957	0
0.31190899	1.746085	0
0.312814	1.7291178	0
0.313719	1.7126353	0
0.31462401	1.6971354	0
0.31552899	1.6813055	0
0.316434	1.6651667	0
0.317339	1.6501403	0
0.31824401	1.634055	0
0.319148	1.6179559	0
0.32005301	1.6028134	0
0.32095799	1.5857642	0
0.321863	1.5728024	0
0.322768	1.5574795	0
0.32367301	1.5429707	0
0.32457799	1.5273451	0
0.32548201	1.5137223	0
0.32638699	1.5003008	0
0.327292	1.4857531	0
0.328197	1.4742159	0
0.32910201	1.4604559	0
0.330006	1.4471151	0
0.33091101	1.4329276	0
0.33181599	1.42054	0
0.33272099	1.4100575	0
0.33362499	1.3948698	0
0.33453	1.3828665	0
0.335435	1.370572	0
0.336339	1.358309	0
0.337244	1.3464879	0
0.338148	1.3348135	0
0.339053	1.3231475	0
0.33995801	1.3108761	0
0.34086201	1.3009311	0
0.34176701	1.2872622	0
0.34267101	1.2760246	0
0.34357601	1.2653947	0
0.34448001	1.2551481	0
0.34538499	1.24238	0
0.34628901	1.2339047	0
0.34719399	1.2232997	0
0.34809801	1.2119983	0
0.349002	1.2011924	0
0.34990701	1.1904114	0
0.350811	1.1809399	0
0.35171601	1.1707132	0
0.35262001	1.1619562	0
0.353524	1.1504568	0
0.35442799	1.1433002	0
0.355333	1.1321956	0
0.35623699	1.1235914	0
0.35714099	1.1149988	0
0.358046	1.1037948	0
0.35894999	1.0961082	0
0.35985401	1.0858134	0
0.36075801	1.0785081	0
0.361662	1.0713328	0
0.36256701	1.0607446	0
0.363471	1.0526757	0
0.364375	1.0439438	0
0.36527899	1.0348347	0
0.36618301	1.0272151	0
0.36708701	1.0179271	0
0.367991	1.0101063	0
0.36889499	1.0019914	0
0.36979899	0.99533135	0
0.37070301	0.98706454	0
0.37160701	0.97795439	0
0.372511	0.96934915	0
0.37341499	0.9623906	0
0.37431899	0.9575386	0
0.37522301	0.94847775	0
0.376127	0.94143325	0
0.377031	0.93385565	0
0.37793499	0.92679238	0
0.37883899	0.92156011	0
0.379742	0.91250241	0
0.38064599	0.90530711	0
0.38155001	0.89766872	0
0.38245401	0.89069659	0
0.383358	0.88588023	0
0.38426101	0.87605041	0
0.38516501	0.87133145	0
0.386069	0.86507475	0
0.38697201	0.85890704	0
0.387876	0.85271323	0
0.38878	0.84495121	0
0.38968301	0.83896476	0
0.390587	0.83418709	0
0.391491	0.82663465	0
0.39239401	0.82034856	0
0.393298	0.81604755	0
0.39420101	0.80926186	0
0.395105	0.80467695	0
0.39600801	0.79639858	0
0.39691201	0.791866	0
0.39781499	0.78621477	0
0.39871901	0.77998734	0
0.39962199	0.77432251	0
0.40052599	0.76865345	0
0.401429	0.76425076	0
0.40233201	0.75861728	0
0.403236	0.75258261	0
0.40413901	0.74773693	0
0.40504199	0.74345058	0
0.40594599	0.73735201	0
0.406849	0.73109424	0
0.40775201	0.72640771	0
0.40865499	0.72202504	0
0.40955901	0.7157222	0
0.41046199	0.71037048	0
0.411365	0.70695567	0
0.41226801	0.70246398	0
0.41317099	0.69696981	0
0.41407499	0.69230109	0
0.414978	0.68862331	0
0.41588101	0.68195391	0
0.41678399	0.67829609	0
0.417687	0.67388189	0
0.41859001	0.66876173	0
0.41949299	0.66461051	0
0.420396	0.66073161	0
0.42129901	0.65556431	0
0.42220199	0.64941436	0
0.423105	0.64656836	0
0.42400801	0.64060599	0
0.42491099	0.63750851	0
0.425814	0.6337595	0
0.426716	0.62985444	0
0.42761901	0.62399364	0
0.42852199	0.61937106	0
0.429425	0.61633325	0
0.43032801	0.61213911	0
0.43123001	0.60939568	0
0.43213299	0.6034323	0
0.433036	0.60143781	0
0.43393901	0.59640044	0
0.43484101	0.59308404	0
0.43574399	0.5901835	0
0.43664601	0.58657485	0
0.437549	0.58274311	0
0.43845201	0.57917112	0
0.439354	0.57583797	0
0.44025701	0.5722639	0
0.44115901	0.56692481	0
0.44206199	0.56383473	0
0.44296399	0.56002283	0
0.443867	0.55700392	0
0.444769	0.55259711	0
0.44567201	0.54872864	0
0.446574	0.54643679	0
0.44747701	0.54302192	0
0.44837901	0.53992659	0
0.44928101	0.53635037	0
0.45018399	0.53404272	0
0.45108601	0.52983493	0
0.45198801	0.52540195	0
0.45289001	0.52314347	0
0.45379299	0.5206368	0
0.45469499	0.51700407	0
0.45559701	0.51411617	0
0.45649901	0.50987691	0
0.45740101	0.50659716	0
0.45830399	0.50451684	0
0.45920601	0.50156605	0
0.46010801	0.49805692	0
0.46101001	0.49496156	0
0.46191201	0.49224225	0
0.462814	0.48853096	0
0.463716	0.4869042	0
0.464618	0.48448026	0
0.46551999	0.48115864	0
0.46642199	0.4777019	0
0.46732399	0.47521198	0
0.46822599	0.47181076	0
0.46912801	0.46792561	0
0.470029	0.46581906	0
0.47093099	0.46411479	0
0.47183299	0.46104243	0
0.47273499	0.45710805	0
0.47363701	0.4552854	0
0.474538	0.45312127	0
0.47544	0.45101476	0
0.47634199	0.4477151	0
0.47724301	0.44524512	0
0.478145	0.44207641	0
0.479047	0.44072726	0
0.47994801	0.43840179	0
0.48085001	0.43453652	0
0.48175201	0.43316534	0
0.48265299	0.42971593	0
0.48355499	0.42836463	0
0.484456	0.4251509	0
0.485358	0.42265788	0
0.48625901	0.42086139	0
0.48716101	0.41767281	0
0.48806199	0.41564068	0
0.48896301	0.41480163	0
0.48986501	0.41179425	0
0.49076599	0.40933889	0
0.491667	0.40684587	0
0.492569	0.40357032	0
0.49347001	0.40228817	0
0.494371	0.39979407	0
0.49527201	0.39781746	0
0.49617401	0.39554229	0
0.49707499	0.39348185	0
0.49797601	0.39128003	0
0.49887699	0.38906768	0
0.499778	0.38731942	0
0.50067902	0.38428688	0
0.50158	0.38283715	0
0.50248098	0.38172892	0
0.50338203	0.3790054	0
0.50428301	0.37584823	0
0.50518399	0.37369666	0
0.50608498	0.37296239	0
0.50698602	0.37062645	0
0.50788701	0.36831358	0
0.50878799	0.3663097	0
0.50968897	0.36385331	0
0.51059002	0.36287704	0
0.511491	0.36100096	0
0.51239097	0.35881379	0
0.51329201	0.35658997	0
0.514193	0.35574776	0
0.51509398	0.35367894	0
0.51599401	0.35130218	0
0.516895	0.34960732	0
0.51779598	0.34825397	0
0.51869601	0.34632653	0
0.51959699	0.34526646	0
0.52049702	0.3425985	0
0.52139801	0.33933869	0
0.52229798	0.3384766	0
0.52319902	0.33758935	0
0.52409899	0.33638892	0
0.52499998	0.33349153	0
0.52590001	0.33240318	0
0.52680099	0.33073029	0
0.52770102	0.3281545	0
0.52860099	0.32710388	0
0.52950197	0.32523513	0
0.530402	0.32352769	0
0.53130198	0.32185277	0
0.53220302	0.321417	0
0.53310299	0.3189784	0
0.53400302	0.31697559	0
0.53490299	0.31581077	0
0.53580302	0.31322762	0
0.536704	0.3127856	0
0.53760397	0.31072411	0
0.538504	0.30981386	0
0.53940398	0.30809802	0
0.54030401	0.30775025	0
0.54120398	0.30529284	0
0.54210401	0.30397508	0
0.54300398	0.30208012	0
0.54390401	0.30008465	0
0.54480398	0.30013287	0
0.54570299	0.297093	0
0.54660302	0.29660696	0
0.54750299	0.29515094	0
0.54840302	0.29314601	0
0.549303	0.29209015	0
0.55020201	0.29146057	0
0.55110198	0.28905869	0
0.55200201	0.2878446	0
0.55290198	0.28658551	0
0.553801	0.28501323	0
0.55470097	0.28367767	0
0.55559999	0.28230649	0
0.55650002	0.28141087	0
0.55739999	0.27927396	0
0.55829901	0.27839407	0
0.55919898	0.27678931	0
0.56009799	0.27608016	0
0.56099701	0.27478963	0
0.56189698	0.27345407	0
0.562796	0.27197289	0
0.56369603	0.27128783	0
0.56459498	0.27037022	0
0.565494	0.26844913	0
0.56639397	0.26705801	0
0.56729299	0.26581988	0
0.56819201	0.26472211	0
0.56909102	0.26318544	0
0.56999099	0.2628094	0
0.57089001	0.26142144	0
0.57178903	0.26048708	0
0.57268798	0.25934213	0
0.573587	0.2572597	0
0.57448602	0.2568711	0
0.57538497	0.25534907	0
0.57628399	0.25382915	0
0.57718301	0.25319541	0
0.57808203	0.25218457	0
0.57898098	0.25143769	0
0.57988	0.24913949	0
0.58077902	0.24915729	0
0.58167702	0.24708639	0
0.58257598	0.24628507	0
0.58347499	0.24573512	0
0.58437401	0.24451374	0
0.58527303	0.2431258	0
0.58617097	0.24197982	0
0.58706999	0.24139322	0
0.58796901	0.23995502	0
0.58886701	0.23888132	0
0.58976603	0.23803914	0
0.59066403	0.23678946	0
0.59156299	0.23615886	0
0.59246099	0.23413719	0
0.59336001	0.23394655	0
0.59425801	0.23266441	0
0.59515703	0.2316431	0
0.59605497	0.23085015	0
0.59695399	0.22949678	0
0.59785199	0.22921395	0
0.59875	0.22838956	0
0.59964901	0.22697859	0
0.60054702	0.22632389	0
0.60144502	0.22537276	0
0.60234302	0.22453897	0
0.60324103	0.22378057	0
0.60413998	0.22291324	0
0.60503799	0.22068207	0
0.60593599	0.22103192	0
0.60683399	0.22021592	0
0.607732	0.21885209	0
0.60863	0.21817225	0
0.60952801	0.21797533	0
0.61042601	0.21669422	0
0.61132401	0.21506956	0
0.61222202	0.21463275	0
0.61312002	0.21360305	0
0.61401701	0.21288657	0
0.61491501	0.21158558	0
0.61581302	0.21118753	0
0.61671102	0.21033171	0
0.61760801	0.20938478	0
0.61850601	0.20908728	0
0.61940402	0.20748252	0
0.62030202	0.20688544	0
0.62119901	0.20641616	0
0.62209702	0.2058107	0
0.62299401	0.20475379	0
0.62389201	0.20377542	0
0.624789	0.20285152	0
0.625687	0.20145625	0
0.62658399	0.20065805	0
0.627482	0.2001144	0
0.62837899	0.19983786	0
0.62927598	0.19888674	0
0.63017398	0.19847402	0
0.63107097	0.19789998	0
0.63196802	0.19628474	0
0.63286602	0.19571385	0
0.63376302	0.19509059	0
0.63466001	0.19389434	0
0.635557	0.19346698	0
0.63645399	0.19337583	0
0.63735098	0.19211674	0
0.63824803	0.19195648	0
0.63914502	0.19103259	0
0.64004201	0.1902082	0
0.640939	0.18989603	0
0.64183599	0.18816662	0
0.64273298	0.18723749	0
0.64363003	0.18669173	0
0.64452702	0.1863953	0
0.64542401	0.18639843	0
0.646321	0.185132	0
0.64721698	0.18344553	0
0.64811403	0.18384777	0
0.64901102	0.18271333	0
0.64990801	0.18237394	0
0.65080398	0.18181562	0
0.65170097	0.18133168	0
0.65259701	0.18050939	0
0.653494	0.18021819	0
0.65438998	0.17921887	0
0.65528703	0.17904918	0
0.656183	0.17808233	0
0.65707999	0.17719196	0
0.65797597	0.17687248	0
0.65887302	0.17569402	0
0.659769	0.17479841	0
0.66066498	0.17391539	0
0.66156203	0.17506135	0
0.662458	0.17282388	0
0.66335398	0.17275371	0
0.66425002	0.1714548	0
0.66514599	0.17158888	0
0.66604298	0.17113741	0
0.66693902	0.17146213	0
0.667835	0.17061365	0
0.66873097	0.16937761	0
0.66962701	0.16891357	0
0.67052299	0.16835105	0
0.67141902	0.16531749	0
0.672315	0.1670354	0
0.67321098	0.16695894	0
0.674106	0.16555004	0
0.67500198	0.16561708	0
0.67589802	0.16458425	0
0.67679399	0.16403954	0
0.67769003	0.16320574	0
0.67858499	0.16258666	0
0.67948103	0.16096827	0
0.68037701	0.16270609	0
0.68127197	0.16116835	0
0.68216801	0.16156639	0
0.68306297	0.15887013	0
0.68395901	0.15872872	0
0.68485397	0.1601816	0
0.68575001	0.15898117	0
0.68664497	0.15862083	0
0.68754101	0.15731984	0
0.68843597	0.1572727	0
0.689331	0.15771788	0
0.69022697	0.15614559	0
0.691122	0.1548603	0
0.69201702	0.15428208	0
0.69291198	0.15483622	0
0.69380701	0.15449788	0
0.69470203	0.15343152	0
0.69559801	0.15367036	0
0.69649303	0.15416268	0
0.69738799	0.15375623	0
0.69828302	0.151722	0
0.69917798	0.15119405	0
0.700073	0.15229917	0
0.70096803	0.14968671	0
0.70186198	0.15076773	0
0.702757	0.15062107	0
0.70365202	0.15036862	0
0.70454699	0.14849254	0
0.70544201	0.14825791	0
0.70633602	0.14887594	0
0.70723099	0.14768912	0
0.70812601	0.14720623	0
0.70902002	0.14689197	0
0.70991498	0.14560041	0
0.71080899	0.14587276	0
0.71170402	0.14398202	0
0.71259803	0.14378195	0
0.71349299	0.1444869	0
0.714387	0.14438321	0
0.71528202	0.14437589	0
0.71617597	0.14296594	0
0.71706998	0.14251655	0
0.71796501	0.14155811	0
0.71885902	0.14121766	0
0.71975303	0.14154343	0
0.72064698	0.1405106	0
0.721542	0.14046872	0
0.72243601	0.13874976	0
0.72333002	0.13945785	0
0.72422397	0.13927245	0
0.72511798	0.13809298	0
0.72601199	0.13920645	0
0.726906	0.13785206	0
0.72780001	0.13788138	0
0.72869402	0.13831818	0
0.72958702	0.13727592	0
0.73048103	0.13677731	0
0.73137498	0.13692501	0
0.73226899	0.1359278	0
0.733163	0.13543336	0
0.734056	0.13507931	0
0.73495001	0.1341418	0
0.73584402	0.13340226	0
0.73673701	0.13443404	0
0.73763102	0.13335933	0
0.73852402	0.13413762	0
0.73941803	0.13201956	0
0.74031103	0.13173045	0
0.74120498	0.13035718	0
0.74209797	0.13214631	0
0.74299097	0.1306285	0
0.74388498	0.13025033	0
0.74477798	0.13007437	0
0.74567097	0.1296386	0
0.74656397	0.12965012	0
0.74745798	0.12982714	0
0.74835098	0.12888335	0
0.74924397	0.1303928	0
0.75013697	0.12745771	0
0.75103003	0.12715708	0
0.75192302	0.12792385	0
0.75281602	0.12623318	0
0.75370902	0.12643011	0
0.75460202	0.12589589	0
0.75549501	0.12635888	0
0.75638801	0.12669408	0
0.75727999	0.12578799	0
0.75817299	0.12437281	0
0.75906599	0.12296498	0
0.75995898	0.12390982	0
0.76085103	0.12351911	0
0.76174402	0.12279528	0
0.76263601	0.12344369	0
0.763529	0.12487876	0
0.764422	0.12252712	0
0.76531398	0.12243389	0
0.76620698	0.12245904	0
0.76709902	0.12148277	0
0.76799101	0.12143144	0
0.768884	0.12055677	0
0.76977599	0.12003198	0
0.77066803	0.11974286	0
0.77156103	0.12128165	0
0.77245301	0.1199796	0
0.77334499	0.11990523	0
0.77423698	0.12055364	0
0.77512902	0.11847539	0
0.776021	0.11915522	0
0.77691299	0.11860214	0
0.77780497	0.11898657	0
0.77869701	0.11772747	0
0.779589	0.11840102	0
0.78048098	0.11644324	0
0.78137302	0.11743941	0
0.78226501	0.11751169	0
0.78315699	0.116879	0
0.78404802	0.11435243	0
0.78494	0.11686434	0
0.78583199	0.11590797	0
0.78672302	0.1165836	0
0.787615	0.11502179	0
0.78850597	0.11325884	0
0.78939801	0.11441424	0
0.79029	0.11257797	0
0.79118103	0.114828	0
0.792072	0.1132777	0
0.79296398	0.11184157	0
0.79385501	0.1124397	0
0.79474598	0.11289222	0
0.79563802	0.11119945	0
0.796529	0.11383706	0
0.79742002	0.11196623	0
0.798311	0.11062752	0
0.79920298	0.11159018	0
0.80009401	0.11130001	0
0.80098498	0.10966486	0
0.80187601	0.11053953	0
0.80276698	0.10702936	0
0.80365801	0.094734855	0
0.80454898	-0.00966633	0
0.805439	-0.009665282	0
0.80633003	-0.009665282	0
0.807221	-0.009664235	0
0.80811203	-0.009664235	0
0.809003	-0.009663187	0
0.80989301	-0.009663187	0
0.81078398	-0.00966214	0
0.81167501	-0.00966214	0
0.81256503	-0.009661092	0
0.813456	-0.009661092	0
0.81434602	-0.009660045	0
0.81523699	-0.009660045	0
0.816127	-0.009658997	0
0.81701797	-0.009658997	0
0.81790799	-0.00965795	0
0.81879801	-0.00965795	0
0.81968898	-0.009656902	0
0.82057899	-0.009656902	0
0.82146901	-0.009655855	0
0.82235903	-0.009655855	0
0.82324898	-0.009654807	0
0.824139	-0.009654807	0
0.82502902	-0.00965376	0
0.82591999	-0.00965376	0
0.82680899	-0.009652712	0
0.82769901	-0.009652712	0
0.82858902	-0.009651665	0
0.82947898	-0.009651665	0
0.830369	-0.009650617	0
0.83125901	-0.009650617	0
0.83214903	-0.00964957	0
0.83303797	-0.00964957	0
0.83392799	-0.009648522	0
0.83481801	-0.009647475	0
0.83570701	-0.009647475	0
0.83659703	-0.009646427	0
0.83748603	-0.009646427	0
0.83837599	-0.00964538	0
0.83926499	-0.00964538	0
0.84015501	-0.009644332	0
0.84104401	-0.009644332	0
0.84193403	-0.009643285	0
0.84282303	-0.009643285	0
0.84371197	-0.009642237	0
0.84460098	-0.009642237	0
0.84549099	-0.00964119	0
0.84638	-0.00964119	0